PX4_HOME_LAT=49.87249
PX4_HOME_LON=8.63553
PX4_HOME_ALT=181