PX4_HOME_LAT=49.872653
PX4_HOME_LON=8.635148
PX4_HOME_ALT=181